190270018
140271018
190152018
140273018
190154018
140275018
190156018
190157018
140038018
140039018
140030018
140031018
140032018
140033018
140034018
140035018
140036018
190036518
190036718
140037018
190037218
190037518
140037718
190038018
140038218
140038518
140038718
190039018
140039218
140039518
140039718
190030018
140030218
140030518
140030718
190031018
140031218
140031518
140031718
190032018
140032218
140032518
140032718
190033018
140033218
140033518
140033718
190034018
140034218
140034518
140034718
140034818
190035018
140035118
140035218
140035318
140035518
140035618
140035718
140035818
190036018
140036118
140036218
140036318
140036518
140036618
140036718
140036818
190037018
140037118
140037218
140037318
140037518
140037618
190037718
140037818
140158018
140038118
190038218
140038318
190038518
140038618
190038718
140038818
140159018
140039118
190039218
140039318
190039518
140039618
190039718
140039818
140150018
140030118
190030218
140030318
190030518
140030618
190030718
140030818
140151018
140031118
190031218
140031318
190031518
140031618
190031718
140031818
140152018
140032118
190032218
140152518
190032718
140153018
190033218
190033518
190033718
140154018
190034218
190034518
190034718
140155018
190035218
190035518
190035718
140156018
190036218
140157018
190158018
190159018
190150018
190151018
140272018
190153018
140274018
190155018
140270018
190032518
180270018
130271018
180152018
130273018
180154018
130275018
180156018
180157018
130038018
130039018
130030018
130031018
130032018
130033018
130034018
130035018
130036018
180036518
180036718
130037018
180037218
180037518
130037718
180038018
130038218
130038518
130038718
180039018
130039218
130039518
130039718
180030018
130030218
130030518
130030718
180031018
130031218
130031518
130031718
180032018
130032218
130032518
130032718
180033018
130033218
130033518
130033718
180034018
130034218
130034518
130034718
130034818
180035018
130035118
130035218
130035318
130035518
130035618
130035718
130035818
180036018
130036118
130036218
130036318
130036518
130036618
130036718
130036818
180037018
130037118
130037218
130037318
130037518
130037618
180037718
130037818
130158018
130038118
180038218
130038318
180038518
130038618
180038718
130038818
130159018
130039118
180039218
130039318
180039518
130039618
180039718
130039818
130150018
130030118
180030218
130030318
180030518
130030618
180030718
130030818
130151018
130031118
180031218
130031318
180031518
130031618
180031718
130031818
130152018
130032118
180032218
130152518
180032718
130153018
180033218
180033518
180033718
130154018
180034218
180034518
180034718
130155018
180035218
180035518
180035718
130156018
180036218
130157018
180158018
180159018
180150018
180151018
130272018
180153018
130274018
180155018
130270018
180032518
